750  750
51.466  551.195
168.507  429.707
157.734  360.259
454.367  169.557
687.050  204.362
353.153  396.285
357.288  175.868
669.268  295.692
595.910  502.819
187.547  286.124
615.946  395.122
730.395  309.073
179.692  298.268
578.356  128.607
570.267  487.326
240.434  392.415
512.171  237.028
121.532  391.168
523.987  176.113
298.455  439.803
227.217  324.600
159.278  515.933
6.350  386.321
24.757  444.636
593.143  532.646
395.727  693.791
40.752  343.531
322.396  61.482
20.611  435.814
331.321  566.115
368.164  561.048
177.783  558.527
138.261  374.384
351.166  112.156
623.472  341.492
24.117  473.155
267.689  567.266
569.829  145.874
528.914  400.167
152.905  360.872
564.733  560.169
480.215  167.714
541.061  388.535
468.908  209.147
163.705  376.761
462.740  577.270
137.849  530.294
631.705  328.959
397.955  579.965
501.819  534.874
443.865  153.296
203.327  387.083
697.401  389.768
381.482  198.641
327.924  601.938
141.482  282.313
529.963  47.136
606.094  186.950
123.308  630.877
444.588  689.679
324.214  584.514
482.578  28.847
213.816  342.321
461.971  643.029
174.358  477.704
445.064  505.463
144.590  659.941
392.247  687.344
476.924  201.725
593.119  111.871
552.405  306.467
443.682  157.269
109.854  355.008
723.869  369.927
536.528  426.611
382.863  523.202
222.696  450.382
51.566  498.562
639.800  154.448
553.079  352.613
131.753  142.192
574.910  627.103
365.597  96.319
180.551  103.875
417.807  66.169
205.286  554.760
439.275  511.839
485.390  526.748
561.269  403.722
405.969  617.799
311.856  337.708
117.453  562.121
391.882  556.902
206.486  437.842
103.762  409.600
284.176  157.483
649.155  304.394
192.106  366.774
268.125  187.637
665.101  450.055
