750  750
365.059  370.864
538.272  212.828
598.757  104.684
32.463  377.937
544.481  89.694
489.862  573.829
163.445  324.116
692.518  448.193
387.222  191.379
169.892  376.783
557.206  251.644
190.432  142.497
358.060  54.194
594.234  224.840
278.186  221.070
371.861  176.536
576.841  490.441
681.917  358.642
499.390  50.873
249.210  304.504
42.285  478.219
481.860  51.959
596.612  336.006
662.481  347.907
340.581  170.072
323.503  735.396
593.704  627.708
458.456  85.293
277.526  606.408
606.196  348.244
556.398  92.500
740.762  353.180
581.864  557.494
401.552  85.665
238.964  482.305
383.070  672.589
527.797  464.700
233.607  427.367
369.268  338.719
561.230  671.315
174.319  89.285
129.567  468.851
491.984  171.693
298.331  604.679
398.779  689.646
438.400  37.386
65.904  399.008
552.828  312.957
30.455  414.726
245.091  465.276
221.060  303.095
531.397  366.353
232.693  286.352
294.947  710.106
133.719  372.253
445.227  670.432
578.480  352.108
328.025  652.349
96.797  308.138
264.446  578.168
663.929  556.924
309.049  508.258
510.915  446.281
371.491  608.896
417.697  490.772
236.039  86.831
509.334  358.164
522.880  342.844
172.675  351.572
394.239  230.936
636.658  621.447
574.144  139.007
466.004  564.015
603.048  334.723
75.312  443.052
412.141  363.448
348.689  623.554
400.594  613.102
176.797  163.426
503.653  686.520
335.967  401.574
415.667  445.276
38.991  405.681
192.918  184.763
366.380  265.153
370.203  507.467
520.325  338.142
242.481  352.710
550.708  594.503
737.636  312.887
241.170  434.791
156.481  613.682
350.663  167.123
573.546  405.963
500.396  101.872
545.466  229.102
246.090  97.851
150.032  436.666
185.629  338.391
435.299  106.941
509.713  256.948
554.455  285.386
467.763  536.455
660.438  516.238
565.743  590.143
273.831  531.081
433.427  98.559
197.588  413.719
351.701  549.773
338.326  344.054
326.489  449.163
523.253  248.763
235.006  229.452
198.041  181.474
98.954  187.873
193.459  200.289
570.740  117.339
417.480  584.980
186.081  656.013
168.872  552.773
324.172  514.753
374.946  377.549
501.427  337.142
516.357  245.360
603.310  607.086
700.812  342.388
519.446  285.186
156.791  655.921
323.993  229.198
257.556  136.990
191.996  201.631
78.719  233.782
350.306  570.163
250.561  516.818
207.372  165.419
627.671  283.113
213.323  272.030
219.743  219.347
26.574  405.788
417.364  502.575
430.588  615.047
585.759  132.203
548.817  438.739
51.223  490.674
296.104  214.962
623.547  347.658
460.062  162.875
173.549  622.149
277.442  148.039
512.886  344.042
618.034  287.578
442.496  620.639
339.941  347.334
447.861  714.094
469.833  196.227
725.088  317.707
271.962  30.506
547.013  243.778
429.629  701.288
249.864  553.466
148.922  450.783
162.282  96.121
278.609  696.425
245.119  105.002
81.600  391.697
509.986  463.454
365.915  328.986
36.661  432.528
565.157  565.815
475.008  548.173
686.183  494.256
232.407  265.841
237.203  273.747
80.307  593.907
289.543  98.778
412.087  715.935
429.817  196.548
467.622  184.598
457.146  15.362
378.144  609.344
568.794  248.832
406.440  642.094
248.289  30.307
649.058  146.786
372.170  268.813
332.522  41.534
293.106  235.469
252.741  240.812
445.757  169.923
343.038  136.610
211.561  461.664
225.169  669.984
420.803  151.078
225.719  362.702
92.187  274.715
321.157  517.782
182.074  439.116
642.095  553.659
663.193  246.412
362.779  506.793
356.221  189.462
545.091  667.659
711.686  317.884
449.574  589.038
218.220  583.203
287.487  161.938
77.177  300.766
346.752  74.458
208.494  371.445
112.300  541.767
538.531  56.726
408.461  520.196
562.929  253.523
666.173  505.132
578.160  182.792
461.056  170.637
510.402  341.569
649.556  293.006
612.308  232.536
566.430  538.103
632.097  638.820
72.663  451.727
291.262  204.087
38.241  340.350
675.039  519.828
422.871  208.566
459.055  631.093
361.099  367.383
450.098  653.975
597.187  261.976
720.760  316.338
217.134  333.658
322.297  511.347
611.988  345.513
270.851  227.993
562.663  283.020
578.709  215.652
499.664  58.931
363.912  723.688
236.519  678.398
86.062  179.003
393.100  717.179
285.168  181.775
86.597  444.159
95.093  276.348
241.493  221.538
196.565  630.340
162.975  407.643
638.181  281.701
505.907  299.949
187.078  480.362
590.667  464.757
186.613  231.085
449.228  197.097
185.012  655.046
358.006  686.722
550.415  461.903
567.611  330.431
95.902  382.828
718.385  285.650
358.559  240.446
493.930  417.236
226.305  299.984
303.030  131.072
204.675  430.898
335.966  121.928
191.508  118.324
619.198  527.622
542.699  206.134
680.465  276.533
330.170  636.310
462.631  699.947
668.606  465.181
415.683  32.922
121.684  635.311
606.136  227.237
388.411  543.145
411.133  328.560
330.286  566.890
201.336  548.438
180.545  432.494
574.678  487.387
286.364  146.323
364.943  226.827
154.223  521.448
129.510  330.257
682.091  307.603
609.476  537.293
532.882  235.425
460.926  526.179
300.095  64.659
575.432  310.152
324.435  94.853
532.477  370.258
414.393  432.545
352.244  101.499
424.235  245.185
377.487  568.372
305.217  538.682
351.024  625.091
45.200  470.257
352.155  605.562
248.403  262.032
435.394  174.896
285.631  254.424
562.422  275.474
633.448  360.116
697.317  419.277
510.983  705.299
108.067  475.422
593.709  300.799
162.098  194.242
399.613  21.674
658.494  457.797
371.053  582.140
145.353  306.655
615.153  373.913
94.864  491.239
518.390  587.772
101.047  208.887
372.863  562.968
414.643  298.343
99.141  599.186
387.284  159.184
430.542  235.206
493.139  408.454
626.422  405.741
533.546  686.265
236.180  34.654
595.263  259.617
203.231  502.455
519.906  145.863
336.380  295.324
374.791  377.617
507.277  526.732
124.018  456.077
618.903  503.206
363.277  243.316
455.730  560.916
320.251  404.261
141.877  566.280
309.750  225.361
572.424  175.747
244.437  113.675
513.708  82.755
366.214  352.799
120.884  194.187
555.492  679.502
594.035  230.361
163.237  666.076
215.586  158.802
158.497  463.890
330.720  193.940
148.185  419.276
619.780  186.107
282.240  348.504
349.376  355.888
151.588  182.405
241.141  526.473
466.591  576.212
565.547  301.653
218.045  372.549
513.859  407.290
137.371  337.058
538.873  276.581
114.038  579.282
118.008  543.997
447.178  131.874
352.252  596.806
266.139  110.947
171.577  570.063
207.020  664.019
188.585  376.106
263.802  714.269
376.834  212.488
547.403  518.117
38.110  246.338
376.835  101.565
176.933  315.515
140.258  348.272
69.207  532.037
395.382  631.881
631.044  551.013
198.985  614.666
480.527  637.780
109.448  312.502
562.528  221.867
351.493  550.000
546.266  202.992
424.268  135.586
415.567  553.962
285.531  49.316
630.347  121.127
291.807  378.954
477.266  627.081
647.380  186.536
422.164  354.691
692.342  330.201
122.445  329.092
141.306  602.661
164.493  608.946
281.289  510.686
336.704  575.424
229.222  358.128
194.431  253.944
176.187  572.761
38.873  450.129
564.773  152.702
212.931  564.697
380.773  192.852
509.155  134.393
108.802  174.362
427.325  575.498
377.809  24.276
326.328  452.503
531.957  288.479
652.683  456.599
492.632  154.296
577.546  457.468
335.814  209.631
227.035  477.239
123.158  497.860
460.295  203.342
574.308  78.030
508.010  363.899
123.478  545.898
77.756  238.209
467.641  97.418
83.255  489.029
522.928  293.885
554.165  649.280
360.180  371.177
677.156  338.696
282.214  102.762
627.337  191.839
540.901  678.601
182.646  510.826
673.687  565.001
207.711  182.094
518.926  336.537
303.410  539.249
197.196  87.538
295.415  689.796
125.271  374.381
225.271  253.990
468.311  530.345
51.075  507.263
634.744  372.144
271.559  234.877
331.778  631.107
381.143  573.381
144.695  345.723
617.675  614.060
417.609  684.950
501.258  430.213
328.371  186.751
562.261  511.339
257.062  330.786
716.188  407.667
424.877  415.677
217.128  77.168
408.773  236.293
295.632  733.418
340.940  305.291
319.908  514.361
510.833  470.774
413.163  698.559
112.444  316.489
686.486  193.908
337.637  677.581
451.076  91.898
230.125  452.061
684.913  188.061
535.248  176.875
604.404  494.479
436.793  344.592
224.773  686.335
424.070  245.313
273.573  461.069
439.900  469.348
168.756  181.535
326.376  185.930
473.981  539.114
556.533  84.049
368.664  379.773
512.031  91.164
585.843  428.256
489.505  700.977
508.139  407.019
665.771  487.679
390.624  54.300
513.663  628.647
530.617  165.208
54.630  536.948
543.757  241.853
394.962  202.874
735.982  381.458
95.141  382.531
163.943  120.033
371.206  112.938
243.731  128.533
279.745  162.583
210.601  204.333
129.544  498.290
407.697  136.878
33.878  253.090
584.766  512.680
596.206  173.801
62.369  324.671
204.490  417.456
358.777  540.732
362.107  112.436
517.128  248.827
379.307  192.520
475.626  703.586
51.856  223.650
276.208  266.011
587.158  383.938
365.884  63.387
307.905  200.023
70.588  451.537
175.600  183.289
518.217  455.769
161.909  510.809
344.382  503.687
113.995  222.348
415.713  330.155
66.592  379.424
207.157  491.101
631.742  386.773
381.521  370.040
380.141  287.814
572.546  441.784
511.069  392.524
623.087  174.388
216.785  334.716
564.696  305.557
420.566  385.339
402.477  604.172
201.761  414.171
61.984  317.163
334.075  119.326
244.441  146.195
539.612  623.551
566.620  303.630
353.694  56.629
369.224  377.083
104.412  442.348
224.991  378.929
235.194  244.319
611.400  486.553
466.116  232.993
614.228  260.808
571.531  684.620
529.608  403.430
301.621  541.141
444.742  510.350
552.708  378.383
369.355  372.414
66.972  475.563
453.025  142.351
178.004  639.099
258.117  233.775
624.651  609.793
74.077  459.134
226.118  446.745
347.553  39.079
136.846  416.084
41.156  380.189
687.420  199.751
615.795  97.448
724.451  345.366
530.419  168.300
597.376  356.020
177.615  228.081
542.636  591.637
592.978  241.804
86.787  156.747
271.407  208.414
596.440  180.137
615.188  116.252
572.991  283.441
407.661  544.797
130.663  319.786
194.913  463.154
198.278  266.572
493.026  678.118
220.990  157.597
632.019  281.550
258.131  614.608
181.357  537.019
244.034  303.417
516.044  320.573
386.257  258.276
701.175  345.564
380.173  532.243
465.781  520.530
330.716  712.332
120.676  348.742
147.453  595.165
643.927  334.297
61.222  243.966
382.577  572.919
426.151  518.909
126.723  155.257
613.212  256.116
633.862  389.120
491.962  602.206
249.152  98.736
677.504  377.369
486.490  408.824
579.909  160.632
481.198  606.217
590.604  349.792
523.731  56.927
22.081  426.097
349.693  89.646
249.932  511.845
344.636  564.646
288.396  39.891
413.790  56.551
535.595  126.843
65.868  243.188
332.883  523.468
218.264  42.579
544.632  657.230
422.536  33.992
202.890  134.108
569.502  151.772
331.457  583.235
535.011  357.902
497.826  223.923
488.157  153.823
644.512  456.295
274.937  214.450
442.825  438.162
544.785  433.258
382.767  716.990
172.411  174.996
175.641  66.533
496.022  148.465
77.341  389.218
392.953  349.033
516.198  211.078
126.625  401.194
506.947  329.892
217.734  345.925
163.294  506.057
160.651  249.187
606.926  174.547
438.793  634.000
155.164  627.326
453.132  518.982
350.004  402.077
545.404  555.201
212.319  293.018
242.356  709.868
224.569  162.675
506.580  362.485
382.728  328.154
584.024  354.353
117.896  233.492
527.362  232.648
702.036  300.359
181.880  99.000
358.510  180.798
521.824  301.700
386.851  448.658
435.340  655.535
429.190  336.593
354.526  606.440
550.751  88.307
392.353  66.952
151.845  349.808
130.923  321.224
19.289  419.573
402.003  651.988
425.851  196.898
111.617  295.418
549.314  253.832
395.776  68.483
119.832  506.247
238.712  152.603
136.371  480.415
181.427  652.874
294.359  229.414
90.151  401.179
146.474  410.403
343.201  553.114
537.705  577.041
266.970  538.300
138.360  466.292
192.204  65.556
216.405  435.691
513.299  331.279
586.325  224.840
66.034  368.809
393.437  397.452
139.778  489.402
369.080  260.201
258.810  715.595
495.577  60.070
539.115  313.718
533.600  178.946
311.258  238.399
436.662  561.909
453.064  563.527
75.748  580.727
686.356  405.616
454.019  531.614
315.872  669.679
358.704  224.135
238.408  152.439
676.788  331.976
153.742  611.291
295.741  506.876
238.632  586.602
308.651  659.471
505.542  430.952
523.296  380.190
175.611  281.180
231.826  303.496
572.327  415.803
294.559  583.191
570.004  282.933
499.171  516.004
480.819  725.742
638.487  296.174
132.722  628.553
314.055  210.947
435.135  158.670
281.271  64.045
479.686  183.199
480.712  528.809
27.818  364.858
196.194  289.256
488.428  699.205
156.196  476.671
249.608  221.932
579.223  544.009
219.896  652.161
393.605  74.442
610.418  302.050
459.980  675.291
227.900  431.751
587.428  373.442
222.073  499.586
173.632  460.542
662.990  456.501
257.303  201.453
389.589  216.940
170.870  287.232
544.129  156.226
112.099  218.506
213.722  379.747
155.187  169.268
462.300  558.483
651.188  257.780
436.504  530.850
517.297  689.676
222.385  262.865
714.189  313.540
461.875  191.788
290.846  182.319
440.332  725.826
397.032  135.752
188.581  164.937
399.791  180.244
224.753  61.020
308.964  609.266
211.775  209.123
242.156  287.879
618.324  540.503
105.657  312.307
586.113  420.573
425.171  242.120
501.272  304.327
383.704  510.149
362.932  688.612
220.539  417.242
272.986  247.714
152.681  341.103
222.621  573.460
520.379  256.927
240.940  494.446
148.731  622.381
205.694  214.067
538.285  642.150
583.216  608.903
168.395  357.269
471.035  191.072
197.772  673.987
81.676  406.607
359.600  299.081
366.954  377.627
525.829  407.718
258.803  177.490
206.011  276.986
512.275  283.239
517.652  569.273
516.335  431.290
343.890  639.897
398.375  145.596
143.977  474.166
486.513  210.857
359.126  376.263
243.985  531.343
190.787  598.640
432.640  270.719
404.710  358.167
386.884  389.776
116.773  272.129
110.764  128.497
495.823  594.710
42.303  358.949
87.520  204.903
69.522  444.536
171.305  499.439
486.772  630.256
425.897  724.843
201.297  541.143
243.673  51.327
210.540  241.870
325.601  691.164
288.596  176.541
87.499  514.804
469.868  406.398
123.918  350.805
716.558  464.647
513.845  682.916
347.014  294.373
181.694  404.321
121.862  267.679
364.651  166.182
107.172  219.421
205.105  308.801
482.314  502.232
396.674  97.686
627.880  541.742
47.707  245.098
98.306  254.311
233.384  266.104
247.850  635.220
415.782  568.168
349.877  517.650
389.365  195.373
311.284  277.000
74.180  410.374
457.827  202.842
266.415  54.210
653.832  519.203
239.416  268.175
620.234  521.084
216.337  703.461
342.045  414.602
506.451  529.037
158.539  403.786
587.226  209.177
143.274  98.585
648.556  503.750
274.535  559.944
387.855  520.668
593.244  311.368
413.976  557.075
470.029  149.333
215.561  534.041
118.017  585.287
207.944  211.050
227.195  566.263
646.134  227.764
223.792  338.641
413.121  583.492
494.283  677.591
324.490  659.993
621.997  635.477
292.111  16.681
570.729  61.619
564.874  104.520
337.528  206.423
128.970  565.729
337.302  700.318
187.730  535.040
506.290  411.801
241.707  588.188
393.474  625.427
202.933  582.478
657.937  367.577
559.610  318.512
196.305  68.605
531.165  246.237
217.572  681.287
206.877  326.639
142.568  598.377
544.163  331.397
641.661  600.205
532.940  296.929
399.088  246.398
236.575  527.877
133.736  280.571
82.684  152.049
290.213  661.123
421.734  696.191
404.641  507.477
200.040  216.133
253.360  547.218
204.780  574.581
606.265  645.340
223.597  467.399
475.121  645.746
505.266  415.703
543.673  256.856
481.533  222.139
305.850  240.370
132.272  181.711
474.342  526.309
633.531  575.666
484.610  244.144
270.028  259.625
404.897  389.076
241.030  192.011
147.447  225.062
188.401  197.227
580.737  431.758
240.109  419.256
597.198  95.170
580.012  615.239
479.496  121.219
154.145  589.541
425.850  216.430
519.224  425.648
176.296  538.535
472.349  225.037
147.779  204.272
530.536  372.133
560.172  194.324
557.639  340.324
468.809  617.201
71.483  193.042
503.475  631.741
136.689  402.400
471.334  628.521
520.269  465.305
430.318  180.274
65.056  264.295
356.021  632.925
109.353  437.603
342.553  132.014
151.759  549.440
674.315  174.783
433.083  554.581
625.108  549.208
611.204  557.765
539.622  587.158
395.197  250.023
530.687  254.229
526.164  464.719
675.037  421.085
693.590  253.049
511.566  213.594
478.984  622.691
396.700  332.127
238.141  358.861
289.949  660.529
532.484  452.512
417.576  627.642
307.999  161.894
379.178  18.629
353.587  685.289
687.759  258.058
175.612  241.568
529.610  580.372
201.451  478.909
616.309  230.682
60.618  189.892
240.627  458.201
196.611  593.932
424.251  512.808
302.356  71.214
429.623  598.021
243.707  301.468
574.226  572.686
273.474  55.019
383.371  189.989
274.344  238.891
634.230  397.543
225.795  572.596
231.434  429.098
612.451  193.193
584.988  269.502
127.157  602.673
519.108  465.632
466.169  23.275
271.160  598.156
632.156  600.868
283.851  67.498
227.846  177.441
233.109  452.274
455.095  511.432
496.166  233.155
236.082  596.412
